theta_0=8496.959431736937
theta_1=-0.021422839953036794
